1.203034735694438
0.742044579851715
1.8076125728498
0.01400259643834621
-0.01052288258738482
-0.03402882954404966
0.01068977307257313
0.03425451061545007
2.060953971633213
-1.875180722171413
0.000933808310039613
-0.02642300439391467
-0.05325381701016393
0.06409181955497878
0.02946769549656285
0.02593196631645621
0.05319333970358989
-0.06400906111011921
-0.02984120825590059
-0.0008718782059206311
0.0374113995665928
-0.08348137308397696
0.09065158349185926
-0.03671575288279436
-0.03894524414667488
0.0834245244259243
-0.09050935946248247
0.03539437317484093
0.01228037951094931
0.009269874822535501
-0.1101910226999539
0.09531503283229299
-0.01473047671352936
-0.00950918893364738
0.10961202112345
-0.09469557797943452
0.01296545858079076
-0.003578774022147389
-0.08161880217628403
0.07300504582394439
-0.1441913198804467
0.1315662707976044
0.07778524543669009
-0.07792517559785025
0.1445147213530129
-0.132358596484209
-0.002189772996310976
-0.06116500443873413
0.06984930122275818
-0.101316579009737
0.1390955816652077
0.05922055616981163
-0.07310782350323179
0.1010544914676627
-0.1387082733726558
-0.03526042704674167
-0.3413372704856318
0.1305308666193298
-0.438756722679177
0.5613854733364275
0.1684560235934958
-0.4067172388275849
0.4009427764971533
-0.5928008988249523
-0.00344502578027384
-0.02349970773664068
0.02391677389380076
-0.09831448444742788
0.1059369126939516
0.02209745950637175
-0.02592453632281806
0.09848094793650132
-0.1057982430466679
0.000683715613043103
-0.05084075428206764
0.04421617406501409
-0.1082039701527221
0.09296798580453795
0.04871516719598262
-0.04603340554564705
0.1084462592914928
-0.09311643622478248
0.004996061935938629
-0.0168537660299903
0.009335681824413761
-0.08996695763971883
0.06642600493680399
0.01601184839224958
-0.00944899212237863
0.09052422064026638
-0.06662504405625638
-0.001768409797881188
-0.03754249686529199
0.03904896496670731
-0.0714595873297606
0.07882456943425013
0.03682158624610842
-0.04007042027317605
0.07157705935934039
-0.07935797144081826
0.0003668324053389634
-0.09708221093016116
0.08167440407099544
-0.1781728231832172
0.1499311437191537
0.08927890055770429
-0.08819164685145885
0.1787874431504241
-0.1505033784336064
0.002005391465137181
-0.06584160183315219
0.08245002985484101
-0.1715462200446397
0.2883949672516391
0.05458184486522951
-0.1003682686345801
0.1696148755573705
-0.2767858797397139
0.03330914250963724
-0.2536313938355833
0.1780432360609799
-0.3831145200683419
0.4405109562186096
0.1295385181186919
-0.2649370900417521
0.3548436029555362
-0.427496467940636
0.003709278150509651
-0.07989773903793333
0.07757234590587485
-0.1276462674340885
0.1207035423571913
0.07597006554754221
-0.07524612036312894
0.1270844841057119
-0.1204893816132894
0.01160060921272895
-0.1260866178171129
0.1163959089845626
-0.2081741663722473
0.2222603177185641
0.1058240851765644
-0.129814042668347
0.2051235238953314
-0.221066594350862
-0.00160867755316324
-0.1549939827229296
0.1401648416989337
-0.08582684355051046
0.07581702978253767
0.1552428465556341
-0.1406210947206805
0.08061208302811795
-0.08126731747275888
3.811205235179086e-06
-0.03630855357339566
-0.08157986353884632
0.08457570594508985
0.0359998060770552
0.03505496984300889
0.08156762909012623
-0.08449727222262232
-0.0372480196076495
0.004186824444494198
0.1213957457909892
-0.1120168373922351
0.03745043382966536
-0.03739075357392823
-0.1203567224820223
0.111030341816717
-0.04001826289758597
0.03417693904699166
-0.003470765434017423
-0.04773308088245278
0.05204779307353412
-0.01252990394800635
0.01364287797932502
0.04774983998886471
-0.05200292671980603
0.01246889227719099
-0.01387741860498776
0.000827658121819237
-0.07315955024521102
0.06427535469265731
-0.03468221749024021
0.03138893542413005
0.07332131611391342
-0.06433886349079435
0.03405379481656588
-0.03189215665543692
-0.06312043888669337
-0.02515605140437894
-0.04185451029834446
0.1237107394191197
0.0425588305465352
0.01791495838028618
0.03110239323583268
-0.1224054711362563
-0.04615259597804607
0.001808705885984964
0.1766973402972439
-0.1939620501053902
0.1029660624370039
-0.1171979396178616
-0.1771204695091832
0.1938428696539755
-0.1116685746448901
0.1063871741704246
-0.001050505564314778
-0.1048089516418394
0.1249336931448747
-0.05109263458882222
0.05419578476697237
0.1045507608773482
-0.1245295894202608
0.04849722912710262
-0.05738851597091139
0.002470433580780082
-0.1228477630643735
0.1113583111453299
-0.01664062628466793
0.01182168805725463
0.1233435924726862
-0.1107950273471919
0.01510501879682542
-0.01275924355803509
0.003890271645231585
-0.1976945094430853
-0.3471985333504115
0.4372374157904503
0.1247415355098301
0.107578927169372
0.3271968407502916
-0.4293715594608164
-0.2264272087995732
-0.0009405059042944724
0.287812035353673
-0.1849723124473336
0.03002798631626469
-0.009482817392553404
-0.2722425302574364
0.1854079552764799
-0.03833859257395326
0.0074859684978441
-0.004440354647319795
-0.07902327130640892
0.286444699559084
-0.04210528678058711
0.110806927063208
0.07947474853737982
-0.3012746383257111
0.04370499615728164
-0.1005389601752272
0.002616415345048236
-0.1027936295291982
0.1172896336083105
-0.03995794805297869
0.04192915055539006
0.1023684142628233
-0.1166061997643251
0.0372866864579517
-0.04434289499458195
-0.001891520880313515
-0.04708814082112397
-0.07408252013533555
0.09931764767912198
0.05517753148109191
0.04682363536746523
0.07403947626671351
-0.09941548656327068
-0.05410702054637564
0.002973313101609051
0.1287570652787548
-0.1685597899527196
0.03255159561793406
-0.04923247643616136
-0.1294520147091167
0.1704819930900175
-0.03664026533543389
0.04280752812456868
0.00310989090484437
-0.1432955570711837
0.2076178657959073
-0.08474665543392075
0.09492494716070989
0.1418677181768607
-0.2054332303708772
0.07670873427011904
-0.1046392535104743
-0.08596910553074909
0.09054349525330281
-0.05547828186910216
0.05817390346423541
0.03563466270456028
-0.03444239300834405
-0.04046145946175358
0.04198060853717328
-0.05660215470028741
0.05975746486760823
-0.01869192668159857
0.01988088110304963
-0.01989909133725956
0.02014903346898453
-0.01240239531203568
0.01272734398684139
-0.04822305308570368
0.0495417228068622
-0.03514220830901127
0.03575264026099038
0.1909953100732514
-0.2228848354768123
-0.03653279702578773
0.03755942393523489
-0.0832370605039649
0.08770867059897208
-0.1008442480531608
0.1105081369906986
-0.0395888878126159
0.04130489720922332
-0.06973392371735314
0.0746782961834538
-0.07887995870772085
0.1214321993663385
-0.03566340870143321
0.04153729874835611
0.06886346762584852
-0.04622889333317265
-0.1576365999427014
0.2148809273010946
-0.09674301816216371
0.2596166576970651
-0.05046608260892931
0.07501368869256431
0.0124902310647464
-0.01251713440316617
-0.2164497313051718
0.3465005241026161
-0.02741339362379314
0.02942109416588458
-0.06062866470103968
0.06325372484987797
0.04043028456657013
-0.0402308169583963
-0.07022750473080669
0.06826228034951716
-0.02176291805396873
0.02354433953146806
-0.07274117017196875
0.08350440835457006
-0.03072779930409412
0.03330702720396378
-0.134339086728637
0.1518122772618798
0.002365324127234522
-0.09405792740476272
0.08795668619828499
0.002487843825973903
-0.06831105689057881
0.06422738654050117
-0.0004455616754361847
0.03492343316132276
-0.03621500114390747
-0.0004088432466014084
-0.03930091074844031
0.03789486671938311
0.005618867195773376
-0.05653978826188834
0.05205100421321835
0.001467659870559364
-0.02638517053408715
0.02456765429398405
0.001626589285554909
-0.0184042256873342
0.01808825918354359
-0.004970587335184814
-0.008174684322441774
0.008229659102165025
-0.001825946802778191
-0.04074412365237588
0.03987332168928662
-0.0007211794286774176
-0.03344022278276069
0.03287397044515795
-0.8053905122554669
-3.303217411627734
1.838704130808275
0.01126987967782117
-0.0522328249262888
0.0485279602271524
0.002659440092006125
-0.09986495688793398
0.09266358141671235
0.0001733760811752826
-0.1153541196489005
0.1048110965402421
0.001281023072712065
-0.04573031537789376
0.04360188676994114
-0.0004952109870682561
-0.06667709210156518
0.06255710058548526
-0.03436533826286241
-0.02720219819235749
0.02391777393855564
-0.005989163210290947
-0.02279444017424156
0.02047462840874185
0.03257390552521622
-0.003537811870364694
0.004526304384399798
0.03236857283997419
-0.2694655925038804
0.1417471888960271
-0.05787512505711918
-0.1589481662334347
0.09848516076736999
-0.01141944987013666
-0.01710380376040102
0.01261869118215463
0.01954561942701818
-0.02248358792958192
0.02301945750135777
-0.01559640603474168
-0.2329322835441719
0.2944942593755218
-0.002520411804548681
-0.03062952378909727
0.02890991292228038
0.005307970829813245
-0.06018515588208958
0.0561818021347057
-0.001218581552610506
0.03677705188455919
-0.03736936370761866
-0.0009725576666873249
-0.0621667382568765
0.06352157509488457
0.004352248668386423
-0.03087733807411849
0.02777791986948367
0.006002259122834501
-0.07232283426908825
0.06104901198061994
-0.003107322651546253
-0.04806914166698467
0.04479527137330083
0.0009399968923243826
-0.1471942992630184
0.1300278330904942
