0 0 0
 0.5805738415578077 -0.7020840863123434  0.5225953386922888
  0.631768603021321 -0.3364630586336514  0.8519048413427543
0 0 0
 0.5898023404097064 -0.3379070800092393 -0.4184636800073638
 0.6761054172544245 -0.4533315833380125 -0.3940586876931107
 0.4402193541430011  0.1633716620835626 -0.6291685643428663
 0.4380185334789566  0.3021562064607236 -0.4205347944355259
 0.7249537211007073 0.01206923373382809  0.0271869662018559
 0.7403657050969681  -0.201904968705572 -0.1229776842849722
 0.5215553191536548 -0.1048049705543397   1.196831833663098
 0.516522604096914 0.1276991325505628  1.212566849060792
0.3215850785911578 -1.627174545491092 0.1853977786593353
0.2774981564700962 -1.502054238303757 0.3950757834574548
 0.8029716898611206 -0.2101108155482034   1.163578074909877
0.8461213231737652 0.2074668109134009  1.055985957567074
 0.5508149414950037  0.4970842684499793 -0.1510073249327934
 0.5751221286250274  0.2117916546261062 -0.3257615093592819
0.4509082428787448  0.769618316980597 0.5793043757990015
 0.470059370527931 0.6229742041969966 0.7945184438212488
 0.5643319786169165 -0.3140880683770469  0.4637033659361134
 0.5619705421791021 -0.3133830027916423  0.5439996359404786
 0.1386685124763698 -0.1174654550449489   0.670896579647956
 0.1673118768906051 -0.2646247091020903   0.647770720267446
0.4974025124356851 -1.091504423551809 -1.194201513483784
   0.4916333694024 -1.318935013307337 -1.048216871689034
  0.731849700168663 -0.3034083973321708 -0.6057674883788389
  0.7203625110434153 0.003323974020992548  -0.4539202569100953
  1.035086702348043  0.6281737539285931 -0.6338707557660472
  0.963877987229278 0.03367475564692579  -0.727723273685657
 0.5805281338056023 -0.5358740179850607 -0.8322714803827014
 0.5470240337259735 -0.3001142501867449 -0.9945996480957287
0.6683355213870534 0.6213975738325717 0.8235296239089042
  0.63997753042635   0.80369884506718 0.6616755584366071
0.4894307459459846  0.628125032787924  1.097311103426937
0.5111968135025791 0.3651318871629616  1.221799026074483
0.4497392185079274 0.5867511780553586 0.2224372613721132
   0.434174061681758   0.5994667651457077 -0.04032614497565673
 0.5261151275570697 -0.1638569124671918  0.9176762634624192
 0.5430528285810698 -0.2841438064487223  0.8398732016295041
 0.6212524003287534 -0.4158763681138801 0.08834273355200484
 0.5773070579951689 -0.3340989054781546  0.0389432759682784
 0.1963304225986895 -0.8578513753676298  0.6977526022804492
0.2298708349426304 -1.056877055357383 0.5644765101598281
-0.04515063118287754   0.6370972376374268    0.318991312238151
-0.1368328825527815  0.4926982579589179  0.2915318620850052
 0.4273709504439394  -1.857711320052322 -0.3585673819829216
 0.4691111828683869  -1.811918227622075 -0.6508879150324054
 0.4671880694396724 -0.4906665642153779  -1.033548275968854
 0.4564616444298841 -0.2602511133715152 -0.9799607274804778
  0.7654988263583462 -0.07442410914698452 0.003902545564840598
  0.7820013092937117 -0.02471786032487572   0.3590996742888763
 0.7373109755190121 -0.3506629946900985 -0.8259547878812196
 0.7630258386976507 -0.5190785979079584 -0.6216623177397851
 0.8730453614909095 0.03466838352303159   0.494578037967916
 0.8967527513594753 0.08878936216442368  0.2580073846052036
   0.95426383594166 -0.0176764718590107 -0.2886843831615638
 0.9779050209028917   0.349426794477891 0.01885057254900901
 0.6012678186460896 -0.2631333203246711 -0.6799487344347876
 0.5431837622030589 0.09392746190941548 -0.7209579022990298
  0.568044840062365 -0.3228076548757619 -0.8160272832015092
 0.6130577643584711 -0.5291319886422341 -0.7492334357816932
0.5786773026965175 0.6406815523502449 0.1440441672138895
 0.610720518664909 0.6802687281199038 0.3914265989938812
0.6904978732050981 0.4689955514586563 0.6631758383323173
0.7117502999313796 0.1152175211810186  0.676539215328964
0.5212553266689124 0.1274566192367876  1.249890953428201
0.4677086792904683 0.6835630378376034 0.8244437499241308
   0.439219515182443   0.5351878129187693 -0.06388792372760133
 0.455880123981256 0.6992063046832642 0.5519214700727512
  0.5181913643405922 -0.07954406782720302    1.138782965351909
 0.5589230952995017 -0.3072009967709233  0.5893281483855761
  0.633725714473421 -0.3907466303483723 -0.2976004933209986
 0.5761449540905517 -0.3391134099370807  0.3874889247011348
0.2698608544835335 -1.422578334433235 0.4146823184076665
 0.1735474438480711 -0.3946326135784856  0.6899577768347459
-0.1382768585498878  0.6878255905875791  0.1686629168657056
  0.1144127909941839 -0.01800275905228521   0.6135541799357658
0.3359302452474344  -1.69767917380908 0.1309851517469207
0.4974000867254191 -1.425308315451981 -1.040560233436405
 0.4418429978000571  0.1110919679228828 -0.6681219423055051
 0.4896120506782675 -0.9904875591078277   -1.15375402612935
 0.8240102927413062 0.07596011225979304  0.9327578087735918
  0.7332268852563217 -0.08808956133874654  -0.3889366210188733
 0.7573663687057142 -0.4135702203073993 -0.5857597910538359
 0.7386013970098304 -0.2353998119282275 -0.7235578351568406
   0.823862398231956 -0.07658733092158199    1.086648553054842
 0.9591100272605679  0.2103500512299961 -0.4954542858587277
0.9619449468131869 -0.437407899009909 0.5840632848750249
 1.029707339845931 0.4959070185286588 -0.692095747658833
 0.5542828094885266  0.2710177105660794 -0.3782025699835601
 0.5722768607195228 -0.3738962268282298 -0.8894405184663667
 0.6037497152235005 -0.4213508442586889 -0.6982811037743675
   0.56220342949449 -0.4445767656049204 -0.9116316236768618
 0.5605182873448467  0.4717679166942906 -0.1142349635151738
0.6385852270195169 0.7506004854598708 0.6411949394683383
  0.7238879770580464 -0.03179860787334843   0.1526266114884794
0.6647469694936348 0.6546649605106536  0.803013229055991
 0.524707451694173 0.1214634654760682  1.282332051664217
0.5148558672828596 0.3859823974574406  1.240127426526691
0.4656400480672174 0.7452575676303919 0.8567144723008346
0.4868502485482207 0.5427215999328661    1.0361825409024
 0.4335056339467069  0.4117006834506328 -0.3496844694805962
  0.4412620783345478   0.4777701902541967 -0.09849918325134932
0.4596153243410894 0.6339897260985494 0.5236674908520006
0.4411918860897757 0.7196431964706596 0.2774983277741436
  0.5153992270717334 -0.05320833519003587    1.081307021334271
 0.5268378941286622 -0.2306141302852727    1.02716609568605
 0.5569868048392213 -0.3038975993579107  0.6503676781710876
 0.5428652184061633 -0.2437760977734127  0.7407150791089612
 0.5875818715174841 -0.3367210726411982 -0.1942191987712061
 0.6572281691278103 -0.4404558195619155 -0.1601606513395359
 0.5873257239387808 -0.3719921371997392  0.3272413228197768
 0.5688921356612031 -0.3254731430126792  0.2624591668527132
 0.265725878095735 -1.349040483205484 0.4258748195471895
0.2236012928832687 -1.178314069978786 0.5961028417285852
 0.1796504752029027 -0.5188341687893033  0.7300192779896186
 0.1996920721967443 -0.6958453051257141   0.643239961289449
-0.1490171021136633  0.7362493831890138  0.1185121836767278
-0.5202471553857995 0.08496998999718564  0.3176210959840248
0.0840165730232878 0.1212595346497869 0.5701469889690697
0.0378394688227951 0.1834184690575114 0.5099934886491159
 0.3509437658780978  -1.764036543458578 0.07169480560118568
0.3978055912637002 -1.825898764555332 -0.188908646825503
0.5022305533824656 -1.526880746068562 -1.031066217205956
 0.4789949977002439  -1.690315276448304 -0.7863088807875562
 0.4428383922057022 0.05662332494887345 -0.7230562064157231
 0.4523536287755592 -0.1387246305951703 -0.8630680637886468
 0.4823723713106798 -0.8915904662412932  -1.112169814940894
0.4767412487727496 -0.647272065024812 -1.154829210725117
  0.8018975608909962 -0.05593108906732924   0.8109298308541041
 0.7872919549164692 0.08164087545682319  0.5013523469882971
 0.7493880576453726 -0.1813932306450217 -0.3344771762365834
  0.7515064219270506 0.003950741588487627 -0.07723813145865677
  0.742771124153041 -0.2317566527071543 -0.3229529074409071
 0.7495738519641471 -0.3073870418523139 -0.5461626910327172
  0.746255387039696 -0.1670595480998766 -0.8422542471155925
 0.7319895819396294 -0.5365034938988655  -0.809739452498992
 0.8446318617244764 0.05471836911445094     1.0091307161575
 0.8483836857592131 -0.1993411095264103   0.686968602826174
 0.9527671766445422  0.3868154975471334 -0.2637139583715045
 0.9436975593196451 0.03359428396611901 -0.1157637278826812
 0.975500484221925 -0.054747651371162 0.4860355884802992
 0.9823297672041598 -0.4163556115842057  0.1999928564021924
   1.02255308603425  0.3710102115543915 -0.7442032445190579
 0.9967885987968828  0.7135982860526642 -0.3942843874842443
 0.5371957343511369  0.3204850440211932 -0.4520138691480435
  0.5880370213072084 -0.02859197788399603  -0.5234470887860082
 0.5976938907229279 -0.4461046255685774 -0.7827721581314118
 0.5563234990348054 -0.1446697458775459 -0.9100557505175855
  0.658938741522741  -0.477645408263333 -0.5938069758892162
 0.5811374409770753 -0.3375001197287564 -0.6266567127471312
 0.5526403799615665 -0.2871334761978539  -0.975308093492494
 0.5792180832008942 -0.5885174833812679 -0.8218395926156197
 0.5701432884273494  0.4388893875905103 -0.1024091389489029
0.5802296180508648 0.6138549626623954 0.1371154885016004
0.6359815035754224 0.6979025776361808 0.6191928577057948
0.6067800337360651 0.7826638995530322 0.4131518520105952
  0.7298908438489793 -0.06821164999994966   0.2986109935593312
0.7119533005822465 0.2370538515707732 0.3790906959778614
 0.660628592056689  0.686995480945593 0.7791191002240415
0.6947899701362559 0.3749609763075618 0.9018421323179815
0.5129440047292988 0.3793909767256576  1.231592231444808
0.4878756689209673 0.5865901511797278  1.066089259425557
 0.4369360814290957  0.3552547418833894 -0.3775672280229153
0.4467905518342308 0.6495003604616773 0.2531019688237768
 0.5252443655173078 -0.1986816909807843   0.968876729625362
  0.541764721623883 -0.2642456983160957   0.784837775207764
  0.6189609527793127  -0.3812028232697801 -0.06652859514855169
 0.5960753650248396 -0.3649715829644913   0.168070305865814
0.2263912798259382 -1.115175246500091 0.5825412819285447
 0.2003795674369757 -0.7879587385017039  0.6710220367283859
-0.09139881815829268   0.4443429734708557   0.1154656672602117
-0.01418703868423521   0.3117908959614862   0.4659606400303939
  0.412914790978447  -1.845412177531331 -0.2727064508459276
 0.4745655824171746  -1.754852610723347 -0.7182578507069937
 0.4537930264416956 -0.1960524290797044 -0.9154948781575467
 0.4710628634532088 -0.5652893723748997   -1.09173238193393
 0.7867316696368754 0.02527393908368369  0.4389896778343227
  0.7586103546922018 -0.03731430946930861 -0.02975788079544461
 0.7409322247493577 -0.2185929757218193 -0.2328029279686644
 0.734841184852808 -0.444766254687734 -0.817855274151072
  0.8602951591568875 -0.08097057991510448   0.5900028709227484
 0.9206776895309687 0.06382173265303964 0.07043541154826971
  0.9687686897671632 -0.03773060097296208  0.09795691944296248
 0.9970494238106475  0.3616603538590002 -0.3617176626401181
 0.5636418765917472 0.03657169847935959 -0.6157016096376144
 0.5783741382355156 -0.2026788217039166 -0.7927518380262399
 0.6279846701579661 -0.4031463450632322 -0.5101472073567093
 0.5788917276357886   -0.42390945522498 -0.8561059579889174
0.5814600772032108 0.6283130050618053  0.150529797862313
0.6107203151175078 0.7305611151727994 0.4069842924897923
0.7106602735331258 0.1746451495342999 0.5253637698295746
0.6927329041732655 0.4223526503810221 0.7836119118466995
